19635
19636
19637
19653
19669
19670
19680
19681
19702
19703
19704
19705
19706
19708
19709
19710
19712
19713
19715
19716
19732
19733
19734
19735
19736
19739
19740
19741
19742
19743
19744
19750
19752
19753
19779
19798
19799
19800
19803
19806
19807
19808
19809
19810
19811
19812
19813
19819
19820
19821
19822
19823
19824
19825
19826
19827
19829
19830
19831
19832
19833
19834
19838
19839
19840
19841
19842
19844
19845
19846
19847
19848
19849
19850
19851
19852
19853
19862
19863
19907
19910
19911
19913
19923
19925
19926
19928
19929
19930
19931
19932
19936
20015
20035
20036
20037
20038
20039
20040
20041
20042
20141
20142
20143
20144
20146
20147
20205
20206
20207
20208
20210
20211
20212
20275
20276
20277
20278
20312
20313
20334
20337
20338
20339
20401
20402
20466
20467
20468
20473
20474
20490
20491
20493
20519
20522
20523
20526
20527
20530
20534
20537
20540
20543
20553
20561
20562
20566
20567
20568
20570
20578
20589
20590
20592
20602
20603
20607
20611
20633
20637
20638
20659
20660
20685
20686
20707
20741
20742
20761
20798
20799
20821
20850
20852
20860
20861
20862
20863
20864
20865
20885
20889
20917
20951
20952
20971
20972
20973
21101
21102
21108
21109
21112
21115
21137
21138
21139
21140
21141
21144
21145
21146
21150
21151
21194
21195
21197
21198
21548
21549
21557
21558
21561
21596
21597
21754
21766
21767
21869
21897
21959
21979
21980
21985
22036
22037
22038
22054
22055
22056
22063
22068
22103
22105
22106
22107
22115
22123
22155
22166
22167
22185
22186
22187
22256
22265
22318
22326
22327
22328
22329
22330
22370
22371
22383
22384
22386
22387
22388
22389
22390
22391
22392
22393
22394
22396
22397
22399
22400
22402
22417
22458
22460
22464
22485
22621
22622
22624
22628
22629
22630
22660
22663
22669
22670
22672
22679
22680
22701
22702
22703
22819
22820
22837
22863
22864
22898
22916
22917
22920
22958
22960
22963
22976
23002
23003
23006
23007
23072
23102
23103
23104
23105
23108
23135
23136
23137
23186
23187
23188
23189
23190
23224
23225
23243
23244
23256
23257
23258
23260
23261
23275
23276
23287
23310
23318
23319
23321
23370
23371
23372
23374
23388
23389
23394
23395
23396
23403
23404
23405
23406
23407
23408
23432
23433
23434
23473
23487
23523
23524
23551
23552
23553
23599
23621
23622
23637
23638
23684
23685
23686
23687
23729
23730
23731
23732
23739
23740
23743
23744
23801
23803
23805
23806
23808
23839
23840
23841
23842
23863
23864
23865
23866
23890
23891
23908
23909
23914
23915
23916
23946
23947
23985
23986
23987
23988
24053
24054
24055
24056
24057
24058
24059
24060
24067
24068
24069
24070
24071
24072
24073
26949
26939
26938
26934
26933
26932
26870
26867
26866
26865
26864
26863
26862
26861
26856
26855
26788
26787
26783
26782
26781
26776
26757
26754
26750
26735
26734
26708
26685
26684
26682
26681
26650
26649
26648
26611
26574
26573
26572
26571
26519
26518
26515
26513
26512
26454
26453
26451
26450
26448
26447
26446
26433
26422
26421
26386
26385
26351
26350
26349
26348
26343
26342
26341
26339
26338
26337
26320
26319
26294
26293
26272
26271
26270
26269
26268
26251
26250
26249
26202
26201
26146
26145
26144
26142
26141
26140
26138
26137
26136
26115
26114
26107
26106
26104
26090
26089
26084
26081
26080
26053
26052
26025
26024
25873
25872
25871
25870
25869
25863
25831
25830
25829
25828
25826
25825
25824
25807
25806
25805
25804
25803
25802
25801
25800
25799
25797
25796
25795
25793
25792
25791
25789
25788
25787
25784
25783
25782
25780
25779
25778
25776
25775
25774
25762
25761
25760
25753
25745
25741
25720
25612
25611
25610
25587
25586
25585
25581
25579
25578
25577
25576
25552
25551
25499
25451
25441
25440
25316
25314
25313
25300
25295
25259
25258
25256
25255
25253
25252
25247
25246
25166
25162
25050
24973
24927
24926
24925
24923
24922
24920
24883
24882
24881
24880
24849
24848
24718
24717
24716
24715
24714
24649
24599
24598
24597
27861
27857
27825
27819
27818
27809
27808
27804
27761
27760
27746
27709
27705
27703
27702
27700
27699
27696
27695
27689
27688
27687
27679
27663
27657
27653
27644
27643
27642
27615
27614
27547
27546
27545
27544
27536
27521
27483
27473
27455
27454
27414
27402
27395
27394
27393
27392
27390
27389
27383
27377
27362
27352
27293
27289
27287
27286
27228
27221
27218
27217
27180
27177
27168
27167
27146
27117
27114
27113
27112
27086
27085
27084
27030
27028
27027
27023
27022
27021
27020
27019
27018
27017
27016
